Natural cold boot; no recorded movie. Not visual acceptance.
00300588 00000400 00000008 00000001 00000000 00000000 00000001 00000000 00000000 00000000 00000000
00300588 00000401 00000008 00000001 00000000 00000008 00000000 00000000 00000000 00000000 00000000
00419820 00000401 00000008 00000001 00000000 00000008 00000001 00000000 00000002 00000000 00000000
00419868 00000401 00000008 00000001 00000000 00000008 00000001 00000000 00000002 00000000 00000000
004198b0 00000401 00000008 00000001 00000000 00000008 00000001 00000000 00000002 00000000 00000000
00300588 00000400 00000008 00000001 00000000 00000008 00000001 00000000 00000000 00000000 00000000
00300588 00000401 00000008 00000001 00000000 00000008 00000000 00000000 00000000 00000000 00000000
00419820 00000401 00000008 00000001 00000000 00000008 00000001 00000000 00000002 00000000 00000000
00419868 00000401 00000008 00000001 00000000 00000008 00000001 00000000 00000002 00000000 00000000
004198b0 00000401 00000008 00000001 00000000 00000008 00000001 00000000 00000002 00000000 00000000
00300588 00000400 00000008 00000001 00000000 00000008 00000001 00000000 00000000 00000000 00000000
00300588 00000401 00000008 00000001 00000000 00000008 00000000 00000000 00000000 00000000 00000000
00419820 00000401 00000008 00000001 00000000 00000008 00000001 00000000 00000002 00000000 00000000
00419868 00000401 00000008 00000001 00000000 00000008 00000001 00000000 00000002 00000000 00000000
004198b0 00000401 00000008 00000001 00000000 00000008 00000001 00000000 00000002 00000000 00000000
00300588 00000400 00000008 00000001 00000000 00000008 00000001 00000000 00000000 00000000 00000000
00300588 00000401 00000008 00000001 00000000 00000008 00000000 00000000 00000000 00000000 00000000
00419820 00000401 00000008 00000001 00000000 00000008 00000001 00000000 00000002 00000000 00000000
00419868 00000401 00000008 00000001 00000000 00000008 00000001 00000000 00000002 00000000 00000000
004198b0 00000401 00000008 00000001 00000000 00000008 00000001 00000000 00000002 00000000 00000000
00300588 00000400 00000008 00000001 00000000 00000008 00000001 00000000 00000000 00000000 00000000
00300588 00000401 00000008 00000001 00000000 00000008 00000000 00000000 00000000 00000000 00000000
00419820 00000401 00000008 00000001 00000000 00000008 00000001 00000000 00000002 00000000 00000000
00419868 00000401 00000008 00000001 00000000 00000008 00000001 00000000 00000002 00000000 00000000
004198b0 00000401 00000008 00000001 00000000 00000008 00000001 00000000 00000002 00000000 00000000
00300588 00000400 00000008 00000001 00000000 00000008 00000001 00000000 00000000 00000000 00000000
00300588 00000401 00000008 00000001 00000000 00000008 00000000 00000000 00000000 00000000 00000000
00419820 00000401 00000008 00000001 00000000 00000008 00000001 00000000 00000002 00000000 00000000
00419868 00000401 00000008 00000001 00000000 00000008 00000001 00000000 00000002 00000000 00000000
004198b0 00000401 00000008 00000001 00000000 00000008 00000001 00000000 00000002 00000000 00000000
00300588 00000400 00000009 00000001 00000000 00000008 00000001 00000000 00000000 00000000 00000000
00300588 00000401 00000009 00000001 00000001 00000009 00000000 00000000 00000000 00000000 00000000
00419820 00000401 00000009 00000001 00000001 00000009 00000001 00000000 00000002 00000000 00000000
00419868 00000401 00000009 00000001 00000001 00000009 00000001 00000000 00000002 00000000 00000000
004198b0 00000401 00000009 00000001 00000001 00000009 00000001 00000000 00000002 00000000 00000000
00300588 00000401 00000009 00000001 00000001 00000009 00000001 00000001 00000002 00000000 00000000
00419820 00000401 00000009 00000001 00000001 00000009 00000001 00000001 00000001 00000000 00000001
00419868 00000401 00000009 00000001 00000001 00000009 00000001 00000001 00000001 00000000 00000001
004198b0 00000401 00000009 00000001 00000001 00000009 00000001 00000001 00000001 00000000 00000000
00300588 00000400 00000009 00000001 00000001 00000009 00000000 00000000 00000000 00000000 00000000
00300588 00000401 00000009 00000001 00000001 00000009 00000000 00000000 00000000 00000000 00000000
00419820 00000401 00000009 00000001 00000001 00000009 00000001 00000000 00000002 00000000 00000000
00419868 00000401 00000009 00000001 00000001 00000009 00000001 00000000 00000002 00000000 00000000
004198b0 00000401 00000009 00000001 00000001 00000009 00000001 00000000 00000002 00000000 00000000
00300588 00000401 00000009 00000001 00000001 00000009 00000001 00000001 00000002 00000000 00000000
00419820 00000401 00000009 00000001 00000001 00000009 00000001 00000001 00000001 00000000 00000001
00419868 00000401 00000009 00000001 00000001 00000009 00000001 00000001 00000001 00000000 00000001
004198b0 00000401 00000009 00000001 00000001 00000009 00000001 00000001 00000001 00000000 00000000
00300588 00000400 00000009 00000001 00000001 00000009 00000000 00000000 00000000 00000000 00000000
00300588 00000401 00000009 00000001 00000001 00000009 00000000 00000000 00000000 00000000 00000000
00419820 00000401 00000009 00000001 00000001 00000009 00000001 00000000 00000002 00000000 00000000
00419868 00000401 00000009 00000001 00000001 00000009 00000001 00000000 00000002 00000000 00000000
004198b0 00000401 00000009 00000001 00000001 00000009 00000001 00000000 00000002 00000000 00000000
00300588 00000401 00000009 00000001 00000001 00000009 00000001 00000001 00000002 00000000 00000000
00419820 00000401 00000009 00000001 00000001 00000009 00000001 00000001 00000001 00000000 00000001
00419868 00000401 00000009 00000001 00000001 00000009 00000001 00000001 00000001 00000000 00000001
004198b0 00000401 00000009 00000001 00000001 00000009 00000001 00000001 00000001 00000000 00000000
00300588 00000400 00000009 00000001 00000001 00000009 00000000 00000000 00000000 00000000 00000000
00300588 00000401 00000009 00000001 00000001 00000009 00000000 00000000 00000000 00000000 00000000
00419820 00000401 00000009 00000001 00000001 00000009 00000001 00000000 00000002 00000000 00000000
00419868 00000401 00000009 00000001 00000001 00000009 00000001 00000000 00000002 00000000 00000000
004198b0 00000401 00000009 00000001 00000001 00000009 00000001 00000000 00000002 00000000 00000000
00300588 00000401 00000009 00000001 00000001 00000009 00000001 00000001 00000002 00000000 00000000
00419820 00000401 00000009 00000001 00000001 00000009 00000001 00000001 00000001 00000000 00000001
00419868 00000401 00000009 00000001 00000001 00000009 00000001 00000001 00000001 00000000 00000001
004198b0 00000401 00000009 00000001 00000001 00000009 00000001 00000001 00000001 00000000 00000000
00300588 00000400 00000009 00000001 00000001 00000009 00000000 00000000 00000000 00000000 00000000
00300588 00000401 00000009 00000001 00000001 00000009 00000000 00000000 00000000 00000000 00000000
00419820 00000401 00000009 00000001 00000001 00000009 00000001 00000000 00000002 00000000 00000000
00419868 00000401 00000009 00000001 00000001 00000009 00000001 00000000 00000002 00000000 00000000
004198b0 00000401 00000009 00000001 00000001 00000009 00000001 00000000 00000002 00000000 00000000
00300588 00000401 00000009 00000001 00000001 00000009 00000001 00000001 00000002 00000000 00000000
00419820 00000401 00000009 00000001 00000001 00000009 00000001 00000001 00000001 00000000 00000001
00419868 00000401 00000009 00000001 00000001 00000009 00000001 00000001 00000001 00000000 00000001
004198b0 00000401 00000009 00000001 00000001 00000009 00000001 00000001 00000001 00000000 00000000
00300588 00000400 00000009 00000001 00000001 00000009 00000000 00000000 00000000 00000000 00000000
00300588 00000401 00000009 00000001 00000001 00000009 00000000 00000000 00000000 00000000 00000000
00419820 00000401 00000009 00000001 00000001 00000009 00000001 00000000 00000002 00000000 00000000
00419868 00000401 00000009 00000001 00000001 00000009 00000001 00000000 00000002 00000000 00000000
004198b0 00000401 00000009 00000001 00000001 00000009 00000001 00000000 00000002 00000000 00000000
00300588 00000401 00000009 00000001 00000001 00000009 00000001 00000001 00000002 00000000 00000000
00419820 00000401 00000009 00000001 00000001 00000009 00000001 00000001 00000001 00000000 00000001
00419868 00000401 00000009 00000001 00000001 00000009 00000001 00000001 00000001 00000000 00000001
004198b0 00000401 00000009 00000001 00000001 00000009 00000001 00000001 00000001 00000000 00000000
00300588 00000400 00000009 00000001 00000001 00000009 00000000 00000000 00000000 00000000 00000000
00300588 00000401 00000009 00000001 00000001 00000009 00000000 00000000 00000000 00000000 00000000
00419820 00000401 00000009 00000001 00000001 00000009 00000001 00000000 00000002 00000000 00000000
00419868 00000401 00000009 00000001 00000001 00000009 00000001 00000000 00000002 00000000 00000000
004198b0 00000401 00000009 00000001 00000001 00000009 00000001 00000000 00000002 00000000 00000000
00300588 00000401 00000009 00000001 00000001 00000009 00000001 00000001 00000002 00000000 00000000
00419820 00000401 00000009 00000001 00000001 00000009 00000001 00000001 00000001 00000000 00000001
00419868 00000401 00000009 00000001 00000001 00000009 00000001 00000001 00000001 00000000 00000001
004198b0 00000401 00000009 00000001 00000001 00000009 00000001 00000001 00000001 00000000 00000000
00300588 00000400 00000009 00000001 00000001 00000009 00000000 00000000 00000000 00000000 00000000
00300588 00000401 00000009 00000001 00000001 00000009 00000000 00000000 00000000 00000000 00000000
00419820 00000401 00000009 00000001 00000001 00000009 00000001 00000000 00000002 00000000 00000000
00419868 00000401 00000009 00000001 00000001 00000009 00000001 00000000 00000002 00000000 00000000
004198b0 00000401 00000009 00000001 00000001 00000009 00000001 00000000 00000002 00000000 00000000
00300588 00000401 00000009 00000001 00000001 00000009 00000001 00000001 00000002 00000000 00000000
00419820 00000401 00000009 00000001 00000001 00000009 00000001 00000001 00000001 00000000 00000001
00419868 00000401 00000009 00000001 00000001 00000009 00000001 00000001 00000001 00000000 00000001
004198b0 00000401 00000009 00000001 00000001 00000009 00000001 00000001 00000001 00000000 00000000
00300588 00000400 00000009 00000001 00000001 00000009 00000000 00000000 00000000 00000000 00000000
00300588 00000401 00000009 00000001 00000001 00000009 00000000 00000000 00000000 00000000 00000000
00419820 00000401 00000009 00000001 00000001 00000009 00000001 00000000 00000002 00000000 00000000
00419868 00000401 00000009 00000001 00000001 00000009 00000001 00000000 00000002 00000000 00000000
004198b0 00000401 00000009 00000001 00000001 00000009 00000001 00000000 00000002 00000000 00000000
00300588 00000401 00000009 00000001 00000001 00000009 00000001 00000001 00000002 00000000 00000000
00419820 00000401 00000009 00000001 00000001 00000009 00000001 00000001 00000001 00000000 00000001
00419868 00000401 00000009 00000001 00000001 00000009 00000001 00000001 00000001 00000000 00000001
004198b0 00000401 00000009 00000001 00000001 00000009 00000001 00000001 00000001 00000000 00000000
00300588 00000400 00000009 00000001 00000001 00000009 00000000 00000000 00000000 00000000 00000000
00300588 00000401 00000009 00000001 00000001 00000009 00000000 00000000 00000000 00000000 00000000
00419820 00000401 00000009 00000001 00000001 00000009 00000001 00000000 00000002 00000000 00000000
00419868 00000401 00000009 00000001 00000001 00000009 00000001 00000000 00000002 00000000 00000000
004198b0 00000401 00000009 00000001 00000001 00000009 00000001 00000000 00000002 00000000 00000000
00300588 00000401 00000009 00000001 00000001 00000009 00000001 00000001 00000002 00000000 00000000
00419820 00000401 00000009 00000001 00000001 00000009 00000001 00000001 00000001 00000000 00000001
00419868 00000401 00000009 00000001 00000001 00000009 00000001 00000001 00000001 00000000 00000001
004198b0 00000401 00000009 00000001 00000001 00000009 00000001 00000001 00000001 00000000 00000000
00300588 00000400 00000009 00000001 00000001 00000009 00000000 00000000 00000000 00000000 00000000
00300588 00000401 00000009 00000001 00000001 00000009 00000000 00000000 00000000 00000000 00000000
00419820 00000401 00000009 00000001 00000001 00000009 00000001 00000000 00000002 00000000 00000000
00419868 00000401 00000009 00000001 00000001 00000009 00000001 00000000 00000002 00000000 00000000
004198b0 00000401 00000009 00000001 00000001 00000009 00000001 00000000 00000002 00000000 00000000
00300588 00000401 00000009 00000001 00000001 00000009 00000001 00000001 00000002 00000000 00000000
00419820 00000401 00000009 00000001 00000001 00000009 00000001 00000001 00000001 00000000 00000001
00419868 00000401 00000009 00000001 00000001 00000009 00000001 00000001 00000001 00000000 00000001
004198b0 00000401 00000009 00000001 00000001 00000009 00000001 00000001 00000001 00000000 00000000
0044015c 00000401 00000009 00000001 00000001 00000009 00000000 00000000 00000000 00000000 00000000
00300588 00000400 00000009 00000001 00000001 00000009 00000000 00000000 00000000 00000000 00000000
00300588 00000401 00000009 00000001 00000001 00000009 00000000 00000000 00000000 00000000 00000000
00419820 00000401 00000009 00000001 00000001 00000009 00000001 00000000 00000002 00000000 00000000
00419868 00000401 00000009 00000001 00000001 00000009 00000001 00000000 00000002 00000000 00000000
002feaa4 00000401 00000009 00000001 00000001 00000009 00000001 00000000 00000002 00000000 00000000
004198b0 00000401 00000009 00000001 00000001 00000009 00000001 00000000 00000002 00000000 00000000
00300588 00000401 00000009 00000001 00000001 00000009 00000001 00000001 00000002 00000000 00000000
00419820 00000401 00000009 00000001 00000001 00000009 00000001 00000001 00000001 00000000 00000001
00419868 00000401 00000009 00000001 00000001 00000009 00000001 00000001 00000001 00000000 00000001
002feaa4 00000401 00000009 00000001 00000001 00000009 00000001 00000001 00000001 00000000 00000001
002feaa4 00000401 00000009 00000001 00000001 00000009 00000001 00000001 00000001 00000000 00000002
004198b0 00000401 00000009 00000001 00000001 00000009 00000001 00000001 00000001 00000000 00000000
0044015c 00000401 00000009 00000001 00000001 00000009 00000000 00000000 00000000 00000000 00000000
00300588 00000400 00000009 00000001 00000001 00000009 00000000 00000000 00000000 00000000 00000000
00300588 00000401 00000009 00000001 00000001 00000009 00000000 00000000 00000000 00000000 00000000
00419820 00000401 00000009 00000001 00000001 00000009 00000001 00000000 00000002 00000000 00000000
00419868 00000401 00000009 00000001 00000001 00000009 00000001 00000000 00000002 00000000 00000000
002feaa4 00000401 00000009 00000001 00000001 00000009 00000001 00000000 00000002 00000000 00000000
004198b0 00000401 00000009 00000001 00000001 00000009 00000001 00000000 00000002 00000000 00000000
00300588 00000401 00000009 00000001 00000001 00000009 00000001 00000001 00000002 00000000 00000000
00419820 00000401 00000009 00000001 00000001 00000009 00000001 00000001 00000001 00000000 00000001
00419868 00000401 00000009 00000001 00000001 00000009 00000001 00000001 00000001 00000000 00000001
002feaa4 00000401 00000009 00000001 00000001 00000009 00000001 00000001 00000001 00000000 00000001
004198b0 00000401 00000009 00000001 00000001 00000009 00000001 00000001 00000001 00000000 00000000
0044015c 00000401 00000009 00000001 00000001 00000009 00000000 00000000 00000000 00000000 00000000
00300588 00000400 00000009 00000001 00000001 00000009 00000000 00000000 00000000 00000000 00000000
00300588 00000401 00000009 00000001 00000001 00000009 00000000 00000000 00000000 00000000 00000000
00419820 00000401 00000009 00000001 00000001 00000009 00000001 00000000 00000002 00000000 00000000
00419868 00000401 00000009 00000001 00000001 00000009 00000001 00000000 00000002 00000000 00000000
002feaa4 00000401 00000009 00000001 00000001 00000009 00000001 00000000 00000002 00000000 00000000
004198b0 00000401 00000009 00000001 00000001 00000009 00000001 00000000 00000002 00000000 00000000
00300588 00000401 00000009 00000001 00000001 00000009 00000001 00000001 00000002 00000000 00000000
00419820 00000401 00000009 00000001 00000001 00000009 00000001 00000001 00000001 00000000 00000001
00419868 00000401 00000009 00000001 00000001 00000009 00000001 00000001 00000001 00000000 00000001
002feaa4 00000401 00000009 00000001 00000001 00000009 00000001 00000001 00000001 00000000 00000001
004198b0 00000401 00000009 00000001 00000001 00000009 00000001 00000001 00000001 00000000 00000000
0044015c 00000401 00000009 00000001 00000001 00000009 00000000 00000000 00000000 00000000 00000000
00300588 00000400 00000009 00000001 00000001 00000009 00000000 00000000 00000000 00000000 00000000
00300588 00000401 00000009 00000001 00000001 00000009 00000000 00000000 00000000 00000000 00000000
00419820 00000401 00000009 00000001 00000001 00000009 00000001 00000000 00000002 00000000 00000000
00419868 00000401 00000009 00000001 00000001 00000009 00000001 00000000 00000002 00000000 00000000
002feaa4 00000401 00000009 00000001 00000001 00000009 00000001 00000000 00000002 00000000 00000000
004198b0 00000401 00000009 00000001 00000001 00000009 00000001 00000000 00000002 00000000 00000000
00300588 00000401 00000009 00000001 00000001 00000009 00000001 00000001 00000002 00000000 00000000
00419820 00000401 00000009 00000001 00000001 00000009 00000001 00000001 00000001 00000000 00000001
00419868 00000401 00000009 00000001 00000001 00000009 00000001 00000001 00000001 00000000 00000001
002feaa4 00000401 00000009 00000001 00000001 00000009 00000001 00000001 00000001 00000000 00000001
004198b0 00000401 00000009 00000001 00000001 00000009 00000001 00000001 00000001 00000000 00000000
0044015c 00000401 00000009 00000001 00000001 00000009 00000000 00000000 00000000 00000000 00000000
00300588 00000400 00000009 00000001 00000001 00000009 00000000 00000000 00000000 00000000 00000000
00300588 00000401 00000009 00000001 00000001 00000009 00000000 00000000 00000000 00000000 00000000
00419820 00000401 00000009 00000001 00000001 00000009 00000001 00000000 00000002 00000000 00000000
00419868 00000401 00000009 00000001 00000001 00000009 00000001 00000000 00000002 00000000 00000000
002feaa4 00000401 00000009 00000001 00000001 00000009 00000001 00000000 00000002 00000000 00000000
004198b0 00000401 00000009 00000001 00000001 00000009 00000001 00000000 00000002 00000000 00000000
00300588 00000401 00000009 00000001 00000001 00000009 00000001 00000001 00000002 00000000 00000000
00419820 00000401 00000009 00000001 00000001 00000009 00000001 00000001 00000001 00000000 00000001
00419868 00000401 00000009 00000001 00000001 00000009 00000001 00000001 00000001 00000000 00000001
002feaa4 00000401 00000009 00000001 00000001 00000009 00000001 00000001 00000001 00000000 00000001
004198b0 00000401 00000009 00000001 00000001 00000009 00000001 00000001 00000001 00000000 00000000
0044015c 00000401 00000009 00000001 00000001 00000009 00000000 00000000 00000000 00000000 00000000
00300588 00000400 00000009 00000001 00000001 00000009 00000000 00000000 00000000 00000000 00000000
00300588 00000401 00000009 00000001 00000001 00000009 00000000 00000000 00000000 00000000 00000000
00419820 00000401 00000009 00000001 00000001 00000009 00000001 00000000 00000002 00000000 00000000
00419868 00000401 00000009 00000001 00000001 00000009 00000001 00000000 00000002 00000000 00000000
002feaa4 00000401 00000009 00000001 00000001 00000009 00000001 00000000 00000002 00000000 00000000
004198b0 00000401 00000009 00000001 00000001 00000009 00000001 00000000 00000002 00000000 00000000
00300588 00000401 00000009 00000001 00000001 00000009 00000001 00000001 00000002 00000000 00000000
00419820 00000401 00000009 00000001 00000001 00000009 00000001 00000001 00000001 00000000 00000001
00419868 00000401 00000009 00000001 00000001 00000009 00000001 00000001 00000001 00000000 00000001
002feaa4 00000401 00000009 00000001 00000001 00000009 00000001 00000001 00000001 00000000 00000001
004198b0 00000401 00000009 00000001 00000001 00000009 00000001 00000001 00000001 00000000 00000000
0044015c 00000401 00000009 00000001 00000001 00000009 00000000 00000000 00000000 00000000 00000000
00300588 00000400 00000009 00000001 00000001 00000009 00000000 00000000 00000000 00000000 00000000
00300588 00000401 00000009 00000001 00000001 00000009 00000000 00000000 00000000 00000000 00000000
00419820 00000401 00000009 00000001 00000001 00000009 00000001 00000000 00000002 00000000 00000000
00419868 00000401 00000009 00000001 00000001 00000009 00000001 00000000 00000002 00000000 00000000
002feaa4 00000401 00000009 00000001 00000001 00000009 00000001 00000000 00000002 00000000 00000000
004198b0 00000401 00000009 00000001 00000001 00000009 00000001 00000000 00000002 00000000 00000000
00300588 00000401 00000009 00000001 00000001 00000009 00000001 00000001 00000002 00000000 00000000
00419820 00000401 00000009 00000001 00000001 00000009 00000001 00000001 00000001 00000000 00000001
00419868 00000401 00000009 00000001 00000001 00000009 00000001 00000001 00000001 00000000 00000001
002feaa4 00000401 00000009 00000001 00000001 00000009 00000001 00000001 00000001 00000000 00000001
004198b0 00000401 00000009 00000001 00000001 00000009 00000001 00000001 00000001 00000000 00000000
0044015c 00000401 00000009 00000001 00000001 00000009 00000000 00000000 00000000 00000000 00000000
00300588 00000400 00000009 00000001 00000001 00000009 00000000 00000000 00000000 00000000 00000000
00300588 00000401 00000009 00000001 00000001 00000009 00000000 00000000 00000000 00000000 00000000
00419820 00000401 00000009 00000001 00000001 00000009 00000001 00000000 00000002 00000000 00000000
00419868 00000401 00000009 00000001 00000001 00000009 00000001 00000000 00000002 00000000 00000000
002feaa4 00000401 00000009 00000001 00000001 00000009 00000001 00000000 00000002 00000000 00000000
004198b0 00000401 00000009 00000001 00000001 00000009 00000001 00000000 00000002 00000000 00000000
00300588 00000401 00000009 00000001 00000001 00000009 00000001 00000001 00000002 00000000 00000000
00419820 00000401 00000009 00000001 00000001 00000009 00000001 00000001 00000001 00000000 00000001
00419868 00000401 00000009 00000001 00000001 00000009 00000001 00000001 00000001 00000000 00000001
002feaa4 00000401 00000009 00000001 00000001 00000009 00000001 00000001 00000001 00000000 00000001
004198b0 00000401 00000009 00000001 00000001 00000009 00000001 00000001 00000001 00000000 00000000
0044015c 00000401 00000009 00000001 00000001 00000009 00000000 00000000 00000000 00000000 00000000
00300588 00000400 00000009 00000001 00000001 00000009 00000000 00000000 00000000 00000000 00000000
00300588 00000401 00000009 00000001 00000001 00000009 00000000 00000000 00000000 00000000 00000000
00419820 00000401 00000009 00000001 00000001 00000009 00000001 00000000 00000002 00000000 00000000
00419868 00000401 00000009 00000001 00000001 00000009 00000001 00000000 00000002 00000000 00000000
002feaa4 00000401 00000009 00000001 00000001 00000009 00000001 00000000 00000002 00000000 00000000
004198b0 00000401 00000009 00000001 00000001 00000009 00000001 00000000 00000002 00000000 00000000
00300588 00000401 00000009 00000001 00000001 00000009 00000001 00000001 00000002 00000000 00000000
00419820 00000401 00000009 00000001 00000001 00000009 00000001 00000001 00000001 00000000 00000001
00419868 00000401 00000009 00000001 00000001 00000009 00000001 00000001 00000001 00000000 00000001
002feaa4 00000401 00000009 00000001 00000001 00000009 00000001 00000001 00000001 00000000 00000001
004198b0 00000401 00000009 00000001 00000001 00000009 00000001 00000001 00000001 00000000 00000000
0044015c 00000401 00000009 00000001 00000001 00000009 00000000 00000000 00000000 00000000 00000000
00300588 00000400 00000009 00000001 00000001 00000009 00000000 00000000 00000000 00000000 00000000
00300588 00000401 00000009 00000001 00000001 00000009 00000000 00000000 00000000 00000000 00000000
00419820 00000401 00000009 00000001 00000001 00000009 00000001 00000000 00000002 00000000 00000000
00419868 00000401 00000009 00000001 00000001 00000009 00000001 00000000 00000002 00000000 00000000
002feaa4 00000401 00000009 00000001 00000001 00000009 00000001 00000000 00000002 00000000 00000000
004198b0 00000401 00000009 00000001 00000001 00000009 00000001 00000000 00000002 00000000 00000000
00300588 00000401 00000009 00000001 00000001 00000009 00000001 00000001 00000002 00000000 00000000
00419820 00000401 00000009 00000001 00000001 00000009 00000001 00000001 00000001 00000000 00000001
00419868 00000401 00000009 00000001 00000001 00000009 00000001 00000001 00000001 00000000 00000001
002feaa4 00000401 00000009 00000001 00000001 00000009 00000001 00000001 00000001 00000000 00000001
004198b0 00000401 00000009 00000001 00000001 00000009 00000001 00000001 00000001 00000000 00000000
0044015c 00000401 00000009 00000001 00000001 00000009 00000000 00000000 00000000 00000000 00000000
00300588 00000400 00000009 00000001 00000001 00000009 00000000 00000000 00000000 00000000 00000000
00300588 00000401 00000009 00000001 00000001 00000009 00000000 00000000 00000000 00000000 00000000
00419820 00000401 00000009 00000001 00000001 00000009 00000001 00000000 00000002 00000000 00000000
00419868 00000401 00000009 00000001 00000001 00000009 00000001 00000000 00000002 00000000 00000000
002feaa4 00000401 00000009 00000001 00000001 00000009 00000001 00000000 00000002 00000000 00000000
004198b0 00000401 00000009 00000001 00000001 00000009 00000001 00000000 00000002 00000000 00000000
00300588 00000401 00000009 00000001 00000001 00000009 00000001 00000001 00000002 00000000 00000000
00419820 00000401 00000009 00000001 00000001 00000009 00000001 00000001 00000001 00000000 00000001
00419868 00000401 00000009 00000001 00000001 00000009 00000001 00000001 00000001 00000000 00000001
002feaa4 00000401 00000009 00000001 00000001 00000009 00000001 00000001 00000001 00000000 00000001
004198b0 00000401 00000009 00000001 00000001 00000009 00000001 00000001 00000001 00000000 00000000
0044015c 00000401 00000009 00000001 00000001 00000009 00000000 00000000 00000000 00000000 00000000
00300588 00000400 00000009 00000001 00000001 00000009 00000000 00000000 00000000 00000000 00000000
00300588 00000401 00000009 00000001 00000001 00000009 00000000 00000000 00000000 00000000 00000000
00419820 00000401 00000009 00000001 00000001 00000009 00000001 00000000 00000002 00000000 00000000
00419868 00000401 00000009 00000001 00000001 00000009 00000001 00000000 00000002 00000000 00000000
002feaa4 00000401 00000009 00000001 00000001 00000009 00000001 00000000 00000002 00000000 00000000
004198b0 00000401 00000009 00000001 00000001 00000009 00000001 00000000 00000002 00000000 00000000
00300588 00000401 00000009 00000001 00000001 00000009 00000001 00000001 00000002 00000000 00000000
00419820 00000401 00000009 00000001 00000001 00000009 00000001 00000001 00000001 00000000 00000001
00419868 00000401 00000009 00000001 00000001 00000009 00000001 00000001 00000001 00000000 00000001
002feaa4 00000401 00000009 00000001 00000001 00000009 00000001 00000001 00000001 00000000 00000001
004198b0 00000401 00000009 00000001 00000001 00000009 00000001 00000001 00000001 00000000 00000000
0044015c 00000401 00000009 00000001 00000001 00000009 00000000 00000000 00000000 00000000 00000000
00300588 00000400 00000009 00000001 00000001 00000009 00000000 00000000 00000000 00000000 00000000
00300588 00000401 00000009 00000001 00000001 00000009 00000000 00000000 00000000 00000000 00000000
00419820 00000401 00000009 00000001 00000001 00000009 00000001 00000000 00000002 00000000 00000000
00419868 00000401 00000009 00000001 00000001 00000009 00000001 00000000 00000002 00000000 00000000
002feaa4 00000401 00000009 00000001 00000001 00000009 00000001 00000000 00000002 00000000 00000000
004198b0 00000401 00000009 00000001 00000001 00000009 00000001 00000000 00000002 00000000 00000000
00300588 00000401 00000009 00000001 00000001 00000009 00000001 00000001 00000002 00000000 00000000
00419820 00000401 00000009 00000001 00000001 00000009 00000001 00000001 00000001 00000000 00000001
00419868 00000401 00000009 00000001 00000001 00000009 00000001 00000001 00000001 00000000 00000001
002feaa4 00000401 00000009 00000001 00000001 00000009 00000001 00000001 00000001 00000000 00000001
004198b0 00000401 00000009 00000001 00000001 00000009 00000001 00000001 00000001 00000000 00000000
0044015c 00000401 00000009 00000001 00000001 00000009 00000000 00000000 00000000 00000000 00000000
00300588 00000400 00000009 00000001 00000001 00000009 00000000 00000000 00000000 00000000 00000000
00300588 00000401 00000009 00000001 00000001 00000009 00000000 00000000 00000000 00000000 00000000
00419820 00000401 00000009 00000001 00000001 00000009 00000001 00000000 00000002 00000000 00000000
00419868 00000401 00000009 00000001 00000001 00000009 00000001 00000000 00000002 00000000 00000000
002feaa4 00000401 00000009 00000001 00000001 00000009 00000001 00000000 00000002 00000000 00000000
004198b0 00000401 00000009 00000001 00000001 00000009 00000001 00000000 00000002 00000000 00000000
00300588 00000401 00000009 00000001 00000001 00000009 00000001 00000001 00000002 00000000 00000000
00419820 00000401 00000009 00000001 00000001 00000009 00000001 00000001 00000001 00000000 00000001
00419868 00000401 00000009 00000001 00000001 00000009 00000001 00000001 00000001 00000000 00000001
002feaa4 00000401 00000009 00000001 00000001 00000009 00000001 00000001 00000001 00000000 00000001
004198b0 00000401 00000009 00000001 00000001 00000009 00000001 00000001 00000001 00000000 00000000
0044015c 00000401 00000009 00000001 00000001 00000009 00000000 00000000 00000000 00000000 00000000
00300588 00000400 00000009 00000001 00000001 00000009 00000000 00000000 00000000 00000000 00000000
00300588 00000401 00000009 00000001 00000001 00000009 00000000 00000000 00000000 00000000 00000000
00419820 00000401 00000009 00000001 00000001 00000009 00000001 00000000 00000002 00000000 00000000
00419868 00000401 00000009 00000001 00000001 00000009 00000001 00000000 00000002 00000000 00000000
002feaa4 00000401 00000009 00000001 00000001 00000009 00000001 00000000 00000002 00000000 00000000
004198b0 00000401 00000009 00000001 00000001 00000009 00000001 00000000 00000002 00000000 00000000
00300588 00000401 00000009 00000001 00000001 00000009 00000001 00000001 00000002 00000000 00000000
00419820 00000401 00000009 00000001 00000001 00000009 00000001 00000001 00000001 00000000 00000001
00419868 00000401 00000009 00000001 00000001 00000009 00000001 00000001 00000001 00000000 00000001
002feaa4 00000401 00000009 00000001 00000001 00000009 00000001 00000001 00000001 00000000 00000001
004198b0 00000401 00000009 00000001 00000001 00000009 00000001 00000001 00000001 00000000 00000000
0044015c 00000401 00000009 00000001 00000001 00000009 00000000 00000000 00000000 00000000 00000000
00300588 00000400 00000009 00000001 00000001 00000009 00000000 00000000 00000000 00000000 00000000
00300588 00000401 00000009 00000001 00000001 00000009 00000000 00000000 00000000 00000000 00000000
00419820 00000401 00000009 00000001 00000001 00000009 00000001 00000000 00000002 00000000 00000000
00419868 00000401 00000009 00000001 00000001 00000009 00000001 00000000 00000002 00000000 00000000
002feaa4 00000401 00000009 00000001 00000001 00000009 00000001 00000000 00000002 00000000 00000000
004198b0 00000401 00000009 00000001 00000001 00000009 00000001 00000000 00000002 00000000 00000000
00300588 00000401 00000009 00000001 00000001 00000009 00000001 00000001 00000002 00000000 00000000
00419820 00000401 00000009 00000001 00000001 00000009 00000001 00000001 00000001 00000000 00000001
00419868 00000401 00000009 00000001 00000001 00000009 00000001 00000001 00000001 00000000 00000001
002feaa4 00000401 00000009 00000001 00000001 00000009 00000001 00000001 00000001 00000000 00000001
004198b0 00000401 00000009 00000001 00000001 00000009 00000001 00000001 00000001 00000000 00000000
0044015c 00000401 00000009 00000001 00000001 00000009 00000000 00000000 00000000 00000000 00000000
00300588 00000400 00000009 00000001 00000001 00000009 00000000 00000000 00000000 00000000 00000000
00300588 00000401 00000009 00000001 00000001 00000009 00000000 00000000 00000000 00000000 00000000
00419820 00000401 00000009 00000001 00000001 00000009 00000001 00000000 00000002 00000000 00000000
00419868 00000401 00000009 00000001 00000001 00000009 00000001 00000000 00000002 00000000 00000000
002feaa4 00000401 00000009 00000001 00000001 00000009 00000001 00000000 00000002 00000000 00000000
004198b0 00000401 00000009 00000001 00000001 00000009 00000001 00000000 00000002 00000000 00000000
00300588 00000401 00000009 00000001 00000001 00000009 00000001 00000001 00000002 00000000 00000000
00419820 00000401 00000009 00000001 00000001 00000009 00000001 00000001 00000001 00000000 00000001
00419868 00000401 00000009 00000001 00000001 00000009 00000001 00000001 00000001 00000000 00000001
002feaa4 00000401 00000009 00000001 00000001 00000009 00000001 00000001 00000001 00000000 00000001
004198b0 00000401 00000009 00000001 00000001 00000009 00000001 00000001 00000001 00000000 00000000
0044015c 00000401 00000009 00000001 00000001 00000009 00000000 00000000 00000000 00000000 00000000
00300588 00000400 00000009 00000001 00000001 00000009 00000000 00000000 00000000 00000000 00000000
00300588 00000401 00000009 00000001 00000001 00000009 00000000 00000000 00000000 00000000 00000000
00419820 00000401 00000009 00000001 00000001 00000009 00000001 00000000 00000002 00000000 00000000
00419868 00000401 00000009 00000001 00000001 00000009 00000001 00000000 00000002 00000000 00000000
002feaa4 00000401 00000009 00000001 00000001 00000009 00000001 00000000 00000002 00000000 00000000
004198b0 00000401 00000009 00000001 00000001 00000009 00000001 00000000 00000002 00000000 00000000
00300588 00000401 00000009 00000001 00000001 00000009 00000001 00000001 00000002 00000000 00000000
00419820 00000401 00000009 00000001 00000001 00000009 00000001 00000001 00000001 00000000 00000001
00419868 00000401 00000009 00000001 00000001 00000009 00000001 00000001 00000001 00000000 00000001
002feaa4 00000401 00000009 00000001 00000001 00000009 00000001 00000001 00000001 00000000 00000001
004198b0 00000401 00000009 00000001 00000001 00000009 00000001 00000001 00000001 00000000 00000000
0044015c 00000401 00000009 00000001 00000001 00000009 00000000 00000000 00000000 00000000 00000000
00300588 00000400 00000009 00000001 00000001 00000009 00000000 00000000 00000000 00000000 00000000
00300588 00000401 00000009 00000001 00000001 00000009 00000000 00000000 00000000 00000000 00000000
00419820 00000401 00000009 00000001 00000001 00000009 00000001 00000000 00000002 00000000 00000000
00419868 00000401 00000009 00000001 00000001 00000009 00000001 00000000 00000002 00000000 00000000
002feaa4 00000401 00000009 00000001 00000001 00000009 00000001 00000000 00000002 00000000 00000000
004198b0 00000401 00000009 00000001 00000001 00000009 00000001 00000000 00000002 00000000 00000000
00300588 00000401 00000009 00000001 00000001 00000009 00000001 00000001 00000002 00000000 00000000
00419820 00000401 00000009 00000001 00000001 00000009 00000001 00000001 00000001 00000000 00000001
00419868 00000401 00000009 00000001 00000001 00000009 00000001 00000001 00000001 00000000 00000001
002feaa4 00000401 00000009 00000001 00000001 00000009 00000001 00000001 00000001 00000000 00000001
004198b0 00000401 00000009 00000001 00000001 00000009 00000001 00000001 00000001 00000000 00000000
0044015c 00000401 00000009 00000001 00000001 00000009 00000000 00000000 00000000 00000000 00000000
00300588 00000400 00000009 00000001 00000001 00000009 00000000 00000000 00000000 00000000 00000000
00300588 00000401 00000009 00000001 00000001 00000009 00000000 00000000 00000000 00000000 00000000
00419820 00000401 00000009 00000001 00000001 00000009 00000001 00000000 00000002 00000000 00000000
00419868 00000401 00000009 00000001 00000001 00000009 00000001 00000000 00000002 00000000 00000000
002feaa4 00000401 00000009 00000001 00000001 00000009 00000001 00000000 00000002 00000000 00000000
004198b0 00000401 00000009 00000001 00000001 00000009 00000001 00000000 00000002 00000000 00000000
00300588 00000401 00000009 00000001 00000001 00000009 00000001 00000001 00000002 00000000 00000000
00419820 00000401 00000009 00000001 00000001 00000009 00000001 00000001 00000001 00000000 00000001
00419868 00000401 00000009 00000001 00000001 00000009 00000001 00000001 00000001 00000000 00000001
002feaa4 00000401 00000009 00000001 00000001 00000009 00000001 00000001 00000001 00000000 00000001
004198b0 00000401 00000009 00000001 00000001 00000009 00000001 00000001 00000001 00000000 00000000
0044015c 00000401 00000009 00000001 00000001 00000009 00000000 00000000 00000000 00000000 00000000
00300588 00000400 00000009 00000001 00000001 00000009 00000000 00000000 00000000 00000000 00000000
00300588 00000401 00000009 00000001 00000001 00000009 00000000 00000000 00000000 00000000 00000000
00419820 00000401 00000009 00000001 00000001 00000009 00000001 00000000 00000002 00000000 00000000
00419868 00000401 00000009 00000001 00000001 00000009 00000001 00000000 00000002 00000000 00000000
002feaa4 00000401 00000009 00000001 00000001 00000009 00000001 00000000 00000002 00000000 00000000
004198b0 00000401 00000009 00000001 00000001 00000009 00000001 00000000 00000002 00000000 00000000
00300588 00000401 00000009 00000001 00000001 00000009 00000001 00000001 00000002 00000000 00000000
00419820 00000401 00000009 00000001 00000001 00000009 00000001 00000001 00000001 00000000 00000001
00419868 00000401 00000009 00000001 00000001 00000009 00000001 00000001 00000001 00000000 00000001
002feaa4 00000401 00000009 00000001 00000001 00000009 00000001 00000001 00000001 00000000 00000001
004198b0 00000401 00000009 00000001 00000001 00000009 00000001 00000001 00000001 00000000 00000000
0044015c 00000401 00000009 00000001 00000001 00000009 00000000 00000000 00000000 00000000 00000000
00300588 00000400 00000009 00000001 00000001 00000009 00000000 00000000 00000000 00000000 00000000
00300588 00000401 00000009 00000001 00000001 00000009 00000000 00000000 00000000 00000000 00000000
00419820 00000401 00000009 00000001 00000001 00000009 00000001 00000000 00000002 00000000 00000000
00419868 00000401 00000009 00000001 00000001 00000009 00000001 00000000 00000002 00000000 00000000
002feaa4 00000401 00000009 00000001 00000001 00000009 00000001 00000000 00000002 00000000 00000000
004198b0 00000401 00000009 00000001 00000001 00000009 00000001 00000000 00000002 00000000 00000000
00300588 00000401 00000009 00000001 00000001 00000009 00000001 00000001 00000002 00000000 00000000
00419820 00000401 00000009 00000001 00000001 00000009 00000001 00000001 00000001 00000000 00000001
00419868 00000401 00000009 00000001 00000001 00000009 00000001 00000001 00000001 00000000 00000001
002feaa4 00000401 00000009 00000001 00000001 00000009 00000001 00000001 00000001 00000000 00000001
004198b0 00000401 00000009 00000001 00000001 00000009 00000001 00000001 00000001 00000000 00000000
0044015c 00000401 00000009 00000001 00000001 00000009 00000000 00000000 00000000 00000000 00000000
00300588 00000400 00000009 00000001 00000001 00000009 00000000 00000000 00000000 00000000 00000000
00300588 00000401 00000009 00000001 00000001 00000009 00000000 00000000 00000000 00000000 00000000
00419820 00000401 00000009 00000001 00000001 00000009 00000001 00000000 00000002 00000000 00000000
00419868 00000401 00000009 00000001 00000001 00000009 00000001 00000000 00000002 00000000 00000000
002feaa4 00000401 00000009 00000001 00000001 00000009 00000001 00000000 00000002 00000000 00000000
004198b0 00000401 00000009 00000001 00000001 00000009 00000001 00000000 00000002 00000000 00000000
00300588 00000401 00000009 00000001 00000001 00000009 00000001 00000001 00000002 00000000 00000000
00419820 00000401 00000009 00000001 00000001 00000009 00000001 00000001 00000001 00000000 00000001
00419868 00000401 00000009 00000001 00000001 00000009 00000001 00000001 00000001 00000000 00000001
002feaa4 00000401 00000009 00000001 00000001 00000009 00000001 00000001 00000001 00000000 00000001
004198b0 00000401 00000009 00000001 00000001 00000009 00000001 00000001 00000001 00000000 00000000
0044015c 00000401 00000009 00000001 00000001 00000009 00000000 00000000 00000000 00000000 00000000
00300588 00000400 00000009 00000001 00000001 00000009 00000000 00000000 00000000 00000000 00000000
00300588 00000401 00000009 00000001 00000001 00000009 00000000 00000000 00000000 00000000 00000000
00419820 00000401 00000009 00000001 00000001 00000009 00000001 00000000 00000002 00000000 00000000
00419868 00000401 00000009 00000001 00000001 00000009 00000001 00000000 00000002 00000000 00000000
002feaa4 00000401 00000009 00000001 00000001 00000009 00000001 00000000 00000002 00000000 00000000
004198b0 00000401 00000009 00000001 00000001 00000009 00000001 00000000 00000002 00000000 00000000
00300588 00000401 00000009 00000001 00000001 00000009 00000001 00000001 00000002 00000000 00000000
00419820 00000401 00000009 00000001 00000001 00000009 00000001 00000001 00000001 00000000 00000001
00419868 00000401 00000009 00000001 00000001 00000009 00000001 00000001 00000001 00000000 00000001
002feaa4 00000401 00000009 00000001 00000001 00000009 00000001 00000001 00000001 00000000 00000001
004198b0 00000401 00000009 00000001 00000001 00000009 00000001 00000001 00000001 00000000 00000000
0044015c 00000401 00000009 00000001 00000001 00000009 00000000 00000000 00000000 00000000 00000000
00300588 00000400 00000009 00000001 00000001 00000009 00000000 00000000 00000000 00000000 00000000
00300588 00000401 00000009 00000001 00000001 00000009 00000000 00000000 00000000 00000000 00000000
00419820 00000401 00000009 00000001 00000001 00000009 00000001 00000000 00000002 00000000 00000000
00419868 00000401 00000009 00000001 00000001 00000009 00000001 00000000 00000002 00000000 00000000
002feaa4 00000401 00000009 00000001 00000001 00000009 00000001 00000000 00000002 00000000 00000000
004198b0 00000401 00000009 00000001 00000001 00000009 00000001 00000000 00000002 00000000 00000000
00300588 00000401 00000009 00000001 00000001 00000009 00000001 00000001 00000002 00000000 00000000
00419820 00000401 00000009 00000001 00000001 00000009 00000001 00000001 00000001 00000000 00000001
00419868 00000401 00000009 00000001 00000001 00000009 00000001 00000001 00000001 00000000 00000001
002feaa4 00000401 00000009 00000001 00000001 00000009 00000001 00000001 00000001 00000000 00000001
004198b0 00000401 00000009 00000001 00000001 00000009 00000001 00000001 00000001 00000000 00000000
0044015c 00000401 00000009 00000001 00000001 00000009 00000000 00000000 00000000 00000000 00000000
00300588 00000400 00000008 00000001 00000001 00000009 00000000 00000000 00000000 00000000 00000000
00300588 00000401 00000008 00000001 00000001 00000009 00000000 00000000 00000000 00000000 00000000
00419820 00000401 00000008 00000001 00000001 00000009 00000001 00000000 00000002 00000000 00000000
00419868 00000401 00000008 00000001 00000001 00000009 00000001 00000000 00000002 00000000 00000000
004198b0 00000401 00000008 00000001 00000001 00000009 00000001 00000000 00000002 00000000 00000000
00300588 00000401 00000008 00000001 00000001 00000009 00000001 00000001 00000002 00000000 00000000
00419820 00000401 00000008 00000001 00000001 00000009 00000001 00000001 00000001 00000000 00000001
00419868 00000401 00000008 00000001 00000001 00000009 00000001 00000001 00000001 00000000 00000001
004198b0 00000401 00000008 00000001 00000001 00000009 00000001 00000001 00000001 00000000 00000000
00300588 00000400 00000008 00000001 00000001 00000009 00000000 00000000 00000000 00000000 00000000
00300588 00000401 00000008 00000001 00000001 00000009 00000000 00000000 00000000 00000000 00000000
00419820 00000401 00000008 00000001 00000001 00000009 00000001 00000000 00000002 00000000 00000000
00419868 00000401 00000008 00000001 00000001 00000009 00000001 00000000 00000002 00000000 00000000
004198b0 00000401 00000008 00000001 00000001 00000009 00000001 00000000 00000002 00000000 00000000
00300588 00000401 00000008 00000001 00000001 00000009 00000001 00000001 00000002 00000000 00000000
00419820 00000401 00000008 00000001 00000001 00000009 00000001 00000001 00000001 00000000 00000001
00419868 00000401 00000008 00000001 00000001 00000009 00000001 00000001 00000001 00000000 00000001
004198b0 00000401 00000008 00000001 00000001 00000009 00000001 00000001 00000001 00000000 00000000
00300588 00000400 00000008 00000001 00000001 00000009 00000000 00000000 00000000 00000000 00000000
00300588 00000401 00000008 00000001 00000001 00000009 00000000 00000000 00000000 00000000 00000000
00419820 00000401 00000008 00000001 00000001 00000009 00000001 00000000 00000002 00000000 00000000
00419868 00000401 00000008 00000001 00000001 00000009 00000001 00000000 00000002 00000000 00000000
004198b0 00000401 00000008 00000001 00000001 00000009 00000001 00000000 00000002 00000000 00000000
00300588 00000401 00000008 00000001 00000001 00000009 00000001 00000001 00000002 00000000 00000000
00419820 00000401 00000008 00000001 00000001 00000009 00000001 00000001 00000001 00000000 00000001
00419868 00000401 00000008 00000001 00000001 00000009 00000001 00000001 00000001 00000000 00000001
004198b0 00000401 00000008 00000001 00000001 00000009 00000001 00000001 00000001 00000000 00000000
00300588 00000400 00000008 00000001 00000001 00000009 00000000 00000000 00000000 00000000 00000000
00300588 00000401 00000008 00000001 00000001 00000009 00000000 00000000 00000000 00000000 00000000
00419820 00000401 00000008 00000001 00000001 00000009 00000001 00000000 00000002 00000000 00000000
00419868 00000401 00000008 00000001 00000001 00000009 00000001 00000000 00000002 00000000 00000000
004198b0 00000401 00000008 00000001 00000001 00000009 00000001 00000000 00000002 00000000 00000000
00300588 00000401 00000008 00000001 00000001 00000009 00000001 00000001 00000002 00000000 00000000
00419820 00000401 00000008 00000001 00000001 00000009 00000001 00000001 00000001 00000000 00000001
00419868 00000401 00000008 00000001 00000001 00000009 00000001 00000001 00000001 00000000 00000001
004198b0 00000401 00000008 00000001 00000001 00000009 00000001 00000001 00000001 00000000 00000000
00300588 00000400 00000008 00000001 00000001 00000009 00000000 00000000 00000000 00000000 00000000
00300588 00000401 00000008 00000001 00000001 00000009 00000000 00000000 00000000 00000000 00000000
00419820 00000401 00000008 00000001 00000001 00000009 00000001 00000000 00000002 00000000 00000000
00419868 00000401 00000008 00000001 00000001 00000009 00000001 00000000 00000002 00000000 00000000
004198b0 00000401 00000008 00000001 00000001 00000009 00000001 00000000 00000002 00000000 00000000
00300588 00000401 00000008 00000001 00000001 00000009 00000001 00000001 00000002 00000000 00000000
00419820 00000401 00000008 00000001 00000001 00000009 00000001 00000001 00000001 00000000 00000001
00419868 00000401 00000008 00000001 00000001 00000009 00000001 00000001 00000001 00000000 00000001
004198b0 00000401 00000008 00000001 00000001 00000009 00000001 00000001 00000001 00000000 00000000
00300588 00000400 00000008 00000001 00000001 00000009 00000000 00000000 00000000 00000000 00000000
00300588 00000401 00000008 00000001 00000001 00000009 00000000 00000000 00000000 00000000 00000000
00419820 00000401 00000008 00000001 00000001 00000009 00000001 00000000 00000002 00000000 00000000
00419868 00000401 00000008 00000001 00000001 00000009 00000001 00000000 00000002 00000000 00000000
004198b0 00000401 00000008 00000001 00000001 00000009 00000001 00000000 00000002 00000000 00000000
00300588 00000401 00000008 00000001 00000001 00000009 00000001 00000001 00000002 00000000 00000000
00419820 00000401 00000008 00000001 00000001 00000009 00000001 00000001 00000001 00000000 00000001
00419868 00000401 00000008 00000001 00000001 00000009 00000001 00000001 00000001 00000000 00000001
004198b0 00000401 00000008 00000001 00000001 00000009 00000001 00000001 00000001 00000000 00000000
00300588 00000400 00000008 00000001 00000001 00000009 00000000 00000000 00000000 00000000 00000000
00300588 00000401 00000008 00000001 00000001 00000009 00000000 00000000 00000000 00000000 00000000
00419820 00000401 00000008 00000001 00000001 00000009 00000001 00000000 00000002 00000000 00000000
00419868 00000401 00000008 00000001 00000001 00000009 00000001 00000000 00000002 00000000 00000000
004198b0 00000401 00000008 00000001 00000001 00000009 00000001 00000000 00000002 00000000 00000000
00300588 00000401 00000008 00000001 00000001 00000009 00000001 00000001 00000002 00000000 00000000
00419820 00000401 00000008 00000001 00000001 00000009 00000001 00000001 00000001 00000000 00000001
00419868 00000401 00000008 00000001 00000001 00000009 00000001 00000001 00000001 00000000 00000001
004198b0 00000401 00000008 00000001 00000001 00000009 00000001 00000001 00000001 00000000 00000000
00300588 00000400 00000008 00000001 00000001 00000009 00000000 00000000 00000000 00000000 00000000
00300588 00000401 00000008 00000001 00000001 00000009 00000000 00000000 00000000 00000000 00000000
00419820 00000401 00000008 00000001 00000001 00000009 00000001 00000000 00000002 00000000 00000000
00419868 00000401 00000008 00000001 00000001 00000009 00000001 00000000 00000002 00000000 00000000
004198b0 00000401 00000008 00000001 00000001 00000009 00000001 00000000 00000002 00000000 00000000
00300588 00000401 00000008 00000001 00000001 00000009 00000001 00000001 00000002 00000000 00000000
00419820 00000401 00000008 00000001 00000001 00000009 00000001 00000001 00000001 00000000 00000001
00419868 00000401 00000008 00000001 00000001 00000009 00000001 00000001 00000001 00000000 00000001
004198b0 00000401 00000008 00000001 00000001 00000009 00000001 00000001 00000001 00000000 00000000
00300588 00000400 00000008 00000001 00000001 00000009 00000000 00000000 00000000 00000000 00000000
00300588 00000401 00000008 00000001 00000001 00000009 00000000 00000000 00000000 00000000 00000000
00419820 00000401 00000008 00000001 00000001 00000009 00000001 00000000 00000002 00000000 00000000
00419868 00000401 00000008 00000001 00000001 00000009 00000001 00000000 00000002 00000000 00000000
004198b0 00000401 00000008 00000001 00000001 00000009 00000001 00000000 00000002 00000000 00000000
00300588 00000401 00000008 00000001 00000001 00000009 00000001 00000001 00000002 00000000 00000000
00419820 00000401 00000008 00000001 00000001 00000009 00000001 00000001 00000001 00000000 00000001
00419868 00000401 00000008 00000001 00000001 00000009 00000001 00000001 00000001 00000000 00000001
004198b0 00000401 00000008 00000001 00000001 00000009 00000001 00000001 00000001 00000000 00000000
00300588 00000400 00000008 00000001 00000001 00000009 00000000 00000000 00000000 00000000 00000000
00300588 00000401 00000008 00000001 00000001 00000009 00000000 00000000 00000000 00000000 00000000
00419820 00000401 00000008 00000001 00000001 00000009 00000001 00000000 00000002 00000000 00000000
00419868 00000401 00000008 00000001 00000001 00000009 00000001 00000000 00000002 00000000 00000000
004198b0 00000401 00000008 00000001 00000001 00000009 00000001 00000000 00000002 00000000 00000000
00300588 00000401 00000008 00000001 00000001 00000009 00000001 00000001 00000002 00000000 00000000
00419820 00000401 00000008 00000001 00000001 00000009 00000001 00000001 00000001 00000000 00000001
00419868 00000401 00000008 00000001 00000001 00000009 00000001 00000001 00000001 00000000 00000001
004198b0 00000401 00000008 00000001 00000001 00000009 00000001 00000001 00000001 00000000 00000000
00300588 00000400 00000008 00000001 00000001 00000009 00000000 00000000 00000000 00000000 00000000
00300588 00000401 00000008 00000001 00000001 00000009 00000000 00000000 00000000 00000000 00000000
00419820 00000401 00000008 00000001 00000001 00000009 00000001 00000000 00000002 00000000 00000000
00419868 00000401 00000008 00000001 00000001 00000009 00000001 00000000 00000002 00000000 00000000
004198b0 00000401 00000008 00000001 00000001 00000009 00000001 00000000 00000002 00000000 00000000
00300588 00000401 00000008 00000001 00000001 00000009 00000001 00000001 00000002 00000000 00000000
00419820 00000401 00000008 00000001 00000001 00000009 00000001 00000001 00000001 00000000 00000001
00419868 00000401 00000008 00000001 00000001 00000009 00000001 00000001 00000001 00000000 00000001
004198b0 00000401 00000008 00000001 00000001 00000009 00000001 00000001 00000001 00000000 00000000
00300588 00000400 00000008 00000001 00000001 00000009 00000000 00000000 00000000 00000000 00000000
00300588 00000401 00000008 00000001 00000001 00000009 00000000 00000000 00000000 00000000 00000000
00419820 00000401 00000008 00000001 00000001 00000009 00000001 00000000 00000002 00000000 00000000
00419868 00000401 00000008 00000001 00000001 00000009 00000001 00000000 00000002 00000000 00000000
004198b0 00000401 00000008 00000001 00000001 00000009 00000001 00000000 00000002 00000000 00000000
00300588 00000401 00000008 00000001 00000001 00000009 00000001 00000001 00000002 00000000 00000000
00419820 00000401 00000008 00000001 00000001 00000009 00000001 00000001 00000001 00000000 00000001
00419868 00000401 00000008 00000001 00000001 00000009 00000001 00000001 00000001 00000000 00000001
004198b0 00000401 00000008 00000001 00000001 00000009 00000001 00000001 00000001 00000000 00000000
